{
    "frames": [
        {
            "file_path": "0.JPG",
            "transform_matrix": [
                [
                    0.4148825548379098,
                    0.4081895998670941,
                    0.8131750833931831,
                    -3.1427379949196825
                ],
                [
                    -0.4591366867976338,
                    0.8655113406871568,
                    -0.20020894580016088,
                    1.753016582692086
                ],
                [
                    -0.7855354661170048,
                    -0.29029531464056035,
                    0.5465003767337018,
                    0.9641641981755925
                ],
                [
                    0.0,
                    0.0,
                    0.0,
                    1.0
                ]
            ]
        },
        {
            "file_path": "1.JPG",
            "transform_matrix": [
                [
                    0.45736829802314716,
                    0.402741723509316,
                    0.792851401025536,
                    -3.096214818369194
                ],
                [
                    -0.45277787218753984,
                    0.8728153676103012,
                    -0.18216896695271267,
                    1.563057047833883
                ],
                [
                    -0.7653799307668927,
                    -0.275667259949455,
                    0.5815506197840615,
                    0.5347409830478851
                ],
                [
                    0.0,
                    0.0,
                    0.0,
                    1.0
                ]
            ]
        },
        {
            "file_path": "2.JPG",
            "transform_matrix": [
                [
                    0.5431139411321515,
                    0.3758680533052623,
                    0.7508331728502772,
                    -2.9103279888439415
                ],
                [
                    -0.4324799409537137,
                    0.891697880475432,
                    -0.13355145311187944,
                    1.344607549729783
                ],
                [
                    -0.719714073518487,
                    -0.25218663021685883,
                    0.6468489436640452,
                    -0.08931554833396839
                ],
                [
                    0.0,
                    0.0,
                    0.0,
                    1.0
                ]
            ]
        },
        {
            "file_path": "3.JPG",
            "transform_matrix": [
                [
                    0.6567395495868805,
                    0.33441655498089934,
                    0.675913257573136,
                    -2.6188914531292715
                ],
                [
                    -0.39263837692779285,
                    0.9168602374668328,
                    -0.07212773333310431,
                    0.9863825053610684
                ],
                [
                    -0.6438386979453236,
                    -0.2180203492955878,
                    0.7334431527535724,
                    -0.6422282215292563
                ],
                [
                    0.0,
                    0.0,
                    0.0,
                    1.0
                ]
            ]
        },
        {
            "file_path": "4.JPG",
            "transform_matrix": [
                [
                    0.7581516295303098,
                    0.2817579625180796,
                    0.5880633955605437,
                    -2.2859807808869403
                ],
                [
                    -0.3343937985505621,
                    0.9422141434195631,
                    -0.020329668739676236,
                    0.7713814683038608
                ],
                [
                    -0.5598096945672362,
                    -0.181231781147235,
                    0.8085593035583342,
                    -1.1340010235444444
                ],
                [
                    0.0,
                    0.0,
                    0.0,
                    1.0
                ]
            ]
        }
    ],
    "i": [
        3345.8500354520415,
        3345.8500354520415,
        2016.0,
        1512.0
    ]
}